#Date      Gazole  SP95  SP98   GPLc   Gazole SP95   SP98   GPLc
04/01/2008 0.5964 0.5432 0.5688 0.5649 1.2226 1.3701 1.4007 0.7472
11/01/2008 0.5899 0.5432 0.5702 0.5658 1.2148 1.37 1.4023 0.7483
18/01/2008 0.5669 0.5168 0.547 0.5673 1.1873 1.3384 1.3746 0.7501
25/01/2008 0.5519 0.5024 0.5337 0.5673 1.1693 1.3212 1.3587 0.7501
01/02/2008 0.5567 0.5067 0.538 0.5674 1.1751 1.3264 1.3638 0.7503
08/02/2008 0.5557 0.5 0.5302 0.5674 1.1764 1.3229 1.359 0.7503
15/02/2008 0.5862 0.5273 0.5573 0.5677 1.2129 1.3555 1.3915 0.7507
22/02/2008 0.6062 0.5473 0.5787 0.5673 1.2368 1.3795 1.4171 0.7501
29/02/2008 0.6088 0.5433 0.5734 0.5673 1.2399 1.3747 1.4107 0.7501
07/03/2008 0.6223 0.5374 0.5682 0.5673 1.256 1.3677 1.4045 0.7502
14/03/2008 0.6422 0.5385 0.5683 0.5672 1.2799 1.369 1.4045 0.75
21/03/2008 0.6364 0.5274 0.5572 0.5678 1.2729 1.3556 1.3913 0.7507
28/03/2008 0.6245 0.5357 0.5639 0.5667 1.2587 1.3656 1.3993 0.7494
04/04/2008 0.6235 0.5402 0.5697 0.5672 1.2575 1.371 1.4063 0.75
11/04/2008 0.6483 0.5481 0.5805 0.5666 1.2871 1.3804 1.4192 0.7493
18/04/2008 0.6611 0.5502 0.5829 0.581 1.3025 1.3829 1.422 0.7665
25/04/2008 0.6726 0.5659 0.5974 0.5676 1.3162 1.4017 1.4394 0.7505
02/05/2008 0.6878 0.5712 0.6038 0.5828 1.3344 1.4081 1.4471 0.7687
09/05/2008 0.6992 0.5774 0.6103 0.5826 1.348 1.4155 1.4548 0.7684
16/05/2008 0.7514 0.6024 0.6343 0.5833 1.4105 1.4454 1.4835 0.7693
23/05/2008 0.7744 0.6196 0.6512 0.5833 1.438 1.4659 1.5037 0.7693
30/05/2008 0.7879 0.6276 0.6586 0.584 1.4541 1.4755 1.5126 0.7701
06/06/2008 0.7597 0.6241 0.6541 0.584 1.4204 1.4713 1.5072 0.7702
13/06/2008 0.7866 0.6427 0.6725 0.5858 1.4525 1.4935 1.5292 0.7722
20/06/2008 0.7804 0.6457 0.6754 0.5913 1.4451 1.4971 1.5326 0.7788
27/06/2008 0.77 0.6405 0.6702 0.5898 1.4327 1.4909 1.5265 0.7771
04/07/2008 0.7733 0.6399 0.6693 0.6014 1.4366 1.4902 1.5254 0.7909
11/07/2008 0.7761 0.6365 0.6675 0.6007 1.44 1.4862 1.5233 0.79
18/07/2008 0.7744 0.6299 0.6606 0.601 1.4379 1.4783 1.5149 0.7905
25/07/2008 0.7431 0.6002 0.6337 0.6093 1.4005 1.4427 1.4827 0.8003
01/08/2008 0.7197 0.5807 0.6143 0.5944 1.3726 1.4194 1.4596 0.7826
08/08/2008 0.6912 0.5798 0.614 0.5944 1.3384 1.4183 1.4592 0.7825
15/08/2008 0.6774 0.5785 0.6135 0.5947 1.322 1.4168 1.4586 0.7829
22/08/2008 0.6799 0.582 0.6153 0.5948 1.3249 1.421 1.4607 0.783
29/08/2008 0.6892 0.5949 0.6271 0.5949 1.3361 1.4364 1.4749 0.7831
05/09/2008 0.6795 0.5858 0.6197 0.5948 1.3245 1.4255 1.4661 0.783
12/09/2008 0.6647 0.5868 0.6191 0.5947 1.3068 1.4267 1.4653 0.7829
19/09/2008 0.6439 0.5572 0.5942 0.5946 1.2818 1.3913 1.4356 0.7828
26/09/2008 0.6566 0.5545 0.5917 0.5949 1.2971 1.3881 1.4325 0.7831
03/10/2008 0.6552 0.5495 0.5862 0.5948 1.2954 1.3821 1.426 0.7831
10/10/2008 0.6169 0.5163 0.5491 0.5948 1.2496 1.3424 1.3816 0.7831
17/10/2008 0.5648 0.4615 0.4999 0.5873 1.1872 1.2769 1.3227 0.7741
24/10/2008 0.5462 0.4328 0.4717 0.5706 1.165 1.2425 1.2891 0.7541
31/10/2008 0.5347 0.4228 0.459 0.5728 1.1513 1.2305 1.2738 0.7567
07/11/2008 0.5337 0.3989 0.4352 0.5733 1.1501 1.2019 1.2454 0.7573
14/11/2008 0.5172 0.3761 0.4115 0.5695 1.1304 1.1748 1.217 0.7527
21/11/2008 0.4884 0.3486 0.3866 0.5701 1.0959 1.1418 1.1873 0.7535
28/11/2008 0.4616 0.3306 0.3671 0.5568 1.0639 1.1203 1.164 0.7376
05/12/2008 0.4363 0.3222 0.359 0.5536 1.0335 1.1103 1.1543 0.7337
12/12/2008 0.4055 0.2998 0.3361 0.5454 0.9968 1.0835 1.1269 0.724
19/12/2008 0.3982 0.2956 0.3313 0.5418 0.988 1.0784 1.1211 0.7196
26/12/2008 0.3755 0.2745 0.3128 0.5317 0.9609 1.0532 1.099 0.7075
02/01/2009 0.3631 0.2663 0.3025 0.5272 0.946 1.0434 1.0867 0.7021
09/01/2009 0.4096 0.3172 0.3477 0.5251 1.0017 1.1043 1.1407 0.6996
16/01/2009 0.4046 0.3226 0.3524 0.5244 0.9956 1.1108 1.1464 0.6989
23/01/2009 0.398 0.3297 0.3594 0.5221 0.9877 1.1192 1.1547 0.696
30/01/2009 0.3953 0.3358 0.3634 0.5206 0.9846 1.1265 1.1596 0.6943
06/02/2009 0.3935 0.3448 0.3728 0.5194 0.9824 1.1374 1.1709 0.6928
13/02/2009 0.3895 0.3513 0.3797 0.5196 0.9776 1.1452 1.1792 0.6931
20/02/2009 0.3671 0.3457 0.3727 0.5197 0.9508 1.1385 1.1708 0.6932
27/02/2009 0.3585 0.3357 0.3656 0.5188 0.9405 1.1265 1.1623 0.6921
06/03/2009 0.3592 0.3452 0.3747 0.5182 0.9414 1.1379 1.1732 0.6915
13/03/2009 0.3521 0.3385 0.370273789 0.510151691 0.9329 1.1298 1.16786265 0.681781823
20/03/2009 0.3558 0.3411 0.3708 0.51 0.9372 1.133 1.1684 0.6816
27/03/2009 0.3837 0.3646 0.392 0.5057 0.9706 1.1611 1.1939 0.6765
03/04/2009 0.382 0.3636 0.39 0.504 0.9686 1.1599 1.1914 0.6744
10/04/2009 0.3811 0.3648 0.393 0.4943 0.9675 1.1613 1.195 0.6629
17/04/2009 0.3865 0.3758 0.3992 0.4905 0.9741 1.1744 1.2025 0.6582
24/04/2009 0.3834 0.3783 0.4034 0.4867 0.9704 1.1774 1.2075 0.6537
01/05/2009 0.3729 0.3708 0.3956 0.4906 0.9578 1.1685 1.1982 0.6583
08/05/2009 0.3792 0.3881 0.4109 0.4906 0.9653 1.1892 1.2164 0.6584
15/05/2009 0.3906 0.4042 0.4283 0.4899 0.9789 1.2084 1.2372 0.6576
22/05/2009 0.3865 0.4244 0.4503 0.4862 0.974 1.2326 1.2636 0.6532
29/05/2009 0.3869 0.4266 0.452 0.4864 0.9745 1.2353 1.2655 0.6534
05/06/2009 0.4118 0.4415 0.4678 0.4864 1.0043 1.2531 1.2845 0.6533
12/06/2009 0.4298 0.4579 0.4843 0.4873 1.0258 1.2726 1.3042 0.6545
19/06/2009 0.4399 0.4734 0.5011 0.4864 1.0379 1.2912 1.3243 0.6533
26/06/2009 0.4317 0.4512 0.4801 0.4958 1.028 1.2647 1.2992 0.6647
03/07/2009 0.4256 0.4402 0.4691 0.4949 1.0208 1.2515 1.286 0.6636
10/07/2009 0.4041 0.419 0.4463 0.495 0.9951 1.2261 1.2588 0.6636
17/07/2009 0.3957 0.4157 0.4407 0.4936 0.985 1.2222 1.2521 0.662
24/07/2009 0.4108 0.423 0.4511 0.4942 1.0031 1.2309 1.2645 0.6627
31/07/2009 0.4162 0.4297 0.4575 0.4945 1.0096 1.2389 1.2722 0.6631
07/08/2009 0.4391 0.4619 0.4876 0.5046 1.037 1.2774 1.3082 0.6751
14/08/2009 0.4471 0.4622 0.4919 0.5047 1.0464 1.2778 1.3134 0.6752
21/08/2009 0.4434 0.4582 0.4864 0.5047 1.042 1.273 1.3068 0.6752
28/08/2009 0.4405 0.4512 0.4811 0.5054 1.0386 1.2646 1.3004 0.676
04/09/2009 0.4329 0.4431 0.4737 0.506 1.0295 1.255 1.2916 0.6768
11/09/2009 0.4207 0.4317 0.4626 0.5038 1.0149 1.2414 1.2783 0.6742
18/09/2009 0.4151 0.4217 0.4536 0.5038 1.0082 1.2294 1.2676 0.6742
25/09/2009 0.4151 0.4214 0.4489 0.5076 1.0082 1.229 1.262 0.6787
02/10/2009 0.4099 0.4055 0.4365 0.5085 1.002 1.21 1.2471 0.6798
09/10/2009 0.4176 0.4124 0.442 0.5071 1.0112 1.2182 1.2536 0.6781
16/10/2009 0.4307 0.4216 0.4514 0.507 1.0269 1.2292 1.2649 0.678
23/10/2009 0.452 0.4448 0.4738 0.5037 1.0524 1.257 1.2917 0.6741
30/10/2009 0.4543 0.4512 0.4781 0.5038 1.0551 1.2647 1.2968 0.6741
06/11/2009 0.4547 0.4574 0.4849 0.5027 1.0555 1.2721 1.3049 0.6728
13/11/2009 0.4504 0.4513 0.4811 0.5055 1.0505 1.2648 1.3004 0.6763
20/11/2009 0.4488 0.4527 0.4793 0.5047 1.0485 1.2664 1.2982 0.6753
27/11/2009 0.4423 0.445 0.4775 0.5046 1.0407 1.2572 1.2961 0.6751
04/12/2009 0.4436 0.4487 0.4772 0.5083 1.0423 1.2616 1.2957 0.6795
11/12/2009 0.4428 0.4449 0.4735 0.5143 1.0413 1.2572 1.2913 0.6868
18/12/2009 0.4396 0.4374 0.4673 0.515 1.0376 1.2481 1.2839 0.6876
25/12/2009 0.4448 0.4413 0.472 0.5157 1.0437 1.2528 1.2896 0.6884
01/01/2010 0.4582 0.4477 0.4865 0.5177 1.0598 1.2604 1.3069 0.6908
08/01/2010 0.4824 0.4849 0.5106 0.5146 1.0887 1.305 1.3357 0.6871
15/01/2010 0.4811 0.4868 0.5131 0.5215 1.0871 1.3072 1.3387 0.6954
22/01/2010 0.4693 0.4784 0.5078 0.5259 1.0731 1.2971 1.3323 0.7006
29/01/2010 0.4623 0.4754 0.504 0.5274 1.0647 1.2936 1.3278 0.7024
05/02/2010 0.4691 0.4841 0.5102 0.5277 1.0728 1.304 1.3352 0.7028
12/02/2010 0.4642 0.4779 0.5045 0.5237 1.0669 1.2966 1.3284 0.6979
19/02/2010 0.4752 0.4835 0.5125 0.5249 1.0801 1.3033 1.338 0.6994
26/02/2010 0.5016 0.5095 0.5372 0.5367 1.1116 1.3344 1.3675 0.7135
05/03/2010 0.5013 0.5127 0.5408 0.5353 1.1113 1.3383 1.3718 0.7119
12/03/2010 0.5078 0.5253 0.5543 0.5353 1.1191 1.3533 1.3879 0.7119
19/03/2010 0.5113 0.5316 0.5586 0.5302 1.1233 1.3608 1.3931 0.7057
26/03/2010 0.5126 0.5288 0.5582 0.5294 1.1248 1.3575 1.3927 0.7048
02/04/2010 0.5161 0.5373 0.5638 0.5293 1.129 1.3676 1.3993 0.7047
09/04/2010 0.5438 0.5509 0.5777 0.5353 1.1621 1.3839 1.416 0.7118
16/04/2010 0.5402 0.5393 0.5693 0.5353 1.1578 1.37 1.4059 0.7118
23/04/2010 0.542 0.5418 0.5695 0.5352 1.16 1.373 1.4061 0.7117
30/04/2010 0.5514 0.5446 0.5752 0.5353 1.1712 1.3764 1.4129 0.7119
07/05/2010 0.5611 0.5466 0.5806 0.5342 1.1828 1.3787 1.4194 0.7105
14/05/2010 0.554 0.5418 0.5743 0.5405 1.1744 1.373 1.4119 0.7181
21/05/2010 0.5449 0.5379 0.569 0.5419 1.1634 1.3684 1.4056 0.7198
28/05/2010 0.5292 0.5199 0.5501 0.5434 1.1446 1.3468 1.3829 0.7215
04/06/2010 0.5359 0.5194 0.5536 0.5411 1.1527 1.3462 1.3871 0.7188
11/06/2010 0.5419 0.523 0.557 0.5419 1.1598 1.3506 1.3912 0.7197
18/06/2010 0.5509 0.5332 0.5642 0.5425 1.1706 1.3627 1.3998 0.7205
25/06/2010 0.5575 0.5361 0.5652 0.5462 1.1785 1.3662 1.401 0.7249
02/07/2010 0.5435 0.5283 0.5589 0.5622 1.1618 1.3569 1.3935 0.744
09/07/2010 0.5212 0.5081 0.542 0.5688 1.1351 1.3327 1.3732 0.7519
16/07/2010 0.5225 0.5048 0.5409 0.5715 1.1366 1.3288 1.3719 0.7551
23/07/2010 0.518 0.5037 0.5369 0.5722 1.1313 1.3274 1.3672 0.756
30/07/2010 0.5098 0.4869 0.521 0.5709 1.1214 1.3074 1.3481 0.7545
06/08/2010 0.5341 0.511 0.5455 0.5739 1.1505 1.3362 1.3775 0.758
13/08/2010 0.5294 0.5113 0.5403 0.5725 1.145 1.3365 1.3712 0.7564
20/08/2010 0.5227 0.5005 0.5295 0.5777 1.1369 1.3237 1.3583 0.7625
27/08/2010 0.5164 0.4913 0.5221 0.5779 1.1294 1.3126 1.3494 0.7628
03/09/2010 0.5236 0.4952 0.5297 0.5672 1.138 1.3173 1.3586 0.75
10/09/2010 0.5283 0.5036 0.5354 0.5674 1.1436 1.3273 1.3653 0.7502
17/09/2010 0.5373 0.5146 0.5436 0.5715 1.1543 1.3405 1.3752 0.7552
24/09/2010 0.5298 0.5007 0.5285 0.571 1.1454 1.3238 1.3571 0.7545
01/10/2010 0.5249 0.4931 0.5219 0.5719 1.1395 1.3147 1.3492 0.7556
08/10/2010 0.543 0.5113 0.5371 0.5852 1.1612 1.3365 1.3674 0.7715
15/10/2010 0.5497 0.5263 0.5532 0.5876 1.1692 1.3544 1.3867 0.7744
22/10/2010 0.5562 0.5302 0.5553 0.5862 1.177 1.3591 1.3891 0.7727
29/10/2010 0.5563 0.5208 0.5527 0.5861 1.1771 1.3479 1.386 0.7726
05/11/2010 0.5538 0.5273 0.5559 0.5647 1.1742 1.3557 1.3899 0.747
12/11/2010 0.5565 0.5266 0.5553 0.5649 1.1773 1.3548 1.3892 0.7472
19/11/2010 0.5592 0.5324 0.5615 0.5791 1.1806 1.3617 1.3965 0.7642
26/11/2010 0.559 0.5354 0.5643 0.586 1.1803 1.3654 1.4 0.7724
03/12/2010 0.5774 0.5599 0.5892 0.59 1.2023 1.3947 1.4297 0.7773
10/12/2010 0.5924 0.5724 0.6049 0.598 1.2203 1.4096 1.4485 0.7868
17/12/2010 0.5916 0.5745 0.6027 0.6102 1.2193 1.4122 1.4459 0.8015
24/12/2010 0.6026 0.5755 0.6059 0.6113 1.2325 1.4134 1.4497 0.8028
31/12/2010 0.6151 0.5921 0.6182 0.6177 1.2474 1.4331 1.4644 0.8104
07/01/2011 0.617 0.5957 0.6276 0.6305 1.2608 1.4432 1.4814 0.8258
14/01/2011 0.6369 0.6154 0.648 0.6322 1.2845 1.4668 1.5058 0.8278
21/01/2011 0.6387 0.6138 0.6462 0.6206 1.2867 1.4648 1.5036 0.8138
28/01/2011 0.632 0.6056 0.6339 0.6263 1.2787 1.455 1.4889 0.8207
04/02/2011 0.6434 0.6083 0.6346 0.6265 1.2923 1.4583 1.4897 0.821
11/02/2011 0.6498 0.6075 0.6359 0.6288 1.2999 1.4574 1.4914 0.8236
18/02/2011 0.6573 0.6134 0.6426 0.6294 1.3089 1.4644 1.4993 0.8244
25/02/2011 0.6738 0.6361 0.6661 0.6356 1.3287 1.4915 1.5275 0.8318
04/03/2011 0.6927 0.6488 0.678 0.6525 1.3513 1.5067 1.5417 0.852
11/03/2011 0.7086 0.6582 0.6892 0.6531 1.3702 1.5179 1.5551 0.8527
18/03/2011 0.6995 0.6406 0.6724 0.6534 1.3594 1.4969 1.535 0.8531
25/03/2011 0.7006 0.6448 0.678 0.6531 1.3606 1.5019 1.5416 0.8527
01/04/2011 0.7008 0.656 0.6881 0.653 1.3609 1.5153 1.5538 0.8526
08/04/2011 0.7082 0.6686 0.6997 0.6637 1.3698 1.5304 1.5676 0.8654
15/04/2011 0.71 0.6752 0.706 0.6631 1.3719 1.5383 1.5752 0.8647
22/04/2011 0.7002 0.6723 0.7056 0.6692 1.3602 1.5348 1.5746 0.872
29/04/2011 0.6997 0.6824 0.7142 0.6641 1.3596 1.5469 1.5849 0.8659
06/05/2011 0.6877 0.6843 0.7152 0.6599 1.3453 1.5492 1.5861 0.8609
13/05/2011 0.665 0.6768 0.709 0.6627 1.3181 1.5402 1.5787 0.8642
20/05/2011 0.6571 0.6559 0.6918 0.6649 1.3087 1.5152 1.5582 0.8669
27/05/2011 0.6621 0.6561 0.6912 0.6665 1.3146 1.5154 1.5574 0.8687
03/06/2011 0.6631 0.6569 0.6885 0.6682 1.3158 1.5164 1.5542 0.8708
10/06/2011 0.6653 0.6428 0.6767 0.6684 1.3184 1.4995 1.5401 0.871
17/06/2011 0.6779 0.6457 0.6795 0.6688 1.3335 1.503 1.5435 0.8716
24/06/2011 0.6572 0.6282 0.6623 0.6687 1.3088 1.4821 1.5229 0.8715
01/07/2011 0.6376 0.6121 0.6461 0.6534 1.2854 1.4628 1.5034 0.8531
08/07/2011 0.6549 0.6301 0.6619 0.6554 1.3061 1.4844 1.5224 0.8555
15/07/2011 0.6797 0.6581 0.6879 0.6562 1.3357 1.5179 1.5535 0.8565
22/07/2011 0.6896 0.6691 0.7001 0.6585 1.3475 1.531 1.5681 0.8592
29/07/2011 0.6809 0.6598 0.693 0.6597 1.3372 1.5199 1.5595 0.8607
05/08/2011 0.6797 0.6613 0.6926 0.6612 1.3357 1.5216 1.5591 0.8625
12/08/2011 0.6525 0.6339 0.6685 0.6627 1.3032 1.489 1.5303 0.8643
19/08/2011 0.6521 0.6303 0.6643 0.6618 1.3027 1.4846 1.5253 0.8631
26/08/2011 0.6514 0.6305 0.6646 0.6626 1.3018 1.4848 1.5256 0.8641
02/09/2011 0.6663 0.6505 0.6827 0.6612 1.3197 1.5088 1.5473 0.8624
09/09/2011 0.6762 0.6678 0.6978 0.6599 1.3315 1.5295 1.5653 0.8608
16/09/2011 0.6827 0.6633 0.6949 0.6572 1.3392 1.5241 1.5619 0.8577
23/09/2011 0.6837 0.6561 0.6865 0.6575 1.3405 1.5155 1.5519 0.858
30/09/2011 0.6771 0.6388 0.6695 0.6573 1.3326 1.4947 1.5315 0.8577
07/10/2011 0.6744 0.6307 0.662 0.6573 1.3294 1.4851 1.5225 0.8578
14/10/2011 0.6831 0.6452 0.6773 0.6562 1.3397 1.5024 1.5408 0.8564
21/10/2011 0.6991 0.6416 0.6769 0.6556 1.3588 1.4981 1.5403 0.8558
28/10/2011 0.7008 0.6393 0.6704 0.6556 1.3609 1.4954 1.5325 0.8557
04/11/2011 0.7045 0.6359 0.6684 0.6563 1.3654 1.4913 1.5301 0.8566
11/11/2011 0.7142 0.6414 0.6728 0.6563 1.377 1.4979 1.5354 0.8566
18/11/2011 0.7293 0.6346 0.6656 0.6639 1.395 1.4897 1.5268 0.8656
25/11/2011 0.7134 0.6211 0.6553 0.6526 1.376 1.4736 1.5145 0.8522
02/12/2011 0.7159 0.6271 0.6613 0.6523 1.379 1.4807 1.5217 0.8518
09/12/2011 0.7119 0.6291 0.6607 0.6509 1.3742 1.4832 1.521 0.8501
16/12/2011 0.7069 0.6357 0.666 0.6485 1.3683 1.4911 1.5273 0.8473
23/12/2011 0.7008 0.6382 0.6667 0.6489 1.361 1.4941 1.5281 0.8477
30/12/2011 0.71 0.6542 0.6783 0.6535 1.3719 1.5131 1.542 0.8533
06/01/2012 0.732 0.6734 0.7086 0.6559 1.3983 1.5362 1.5782 0.8561
13/01/2012 0.7535 0.6902 0.7229 0.6559 1.424 1.5563 1.5954 0.8561
20/01/2012 0.7463 0.6881 0.7244 0.6556 1.4182 1.5555 1.599 0.8557
27/01/2012 0.7282 0.6859 0.7205 0.6565 1.3966 1.5528 1.5943 0.8568
03/02/2012 0.7277 0.6952 0.7271 0.666 1.396 1.564 1.6022 0.8681
10/02/2012 0.7461 0.7074 0.7407 0.6656 1.418 1.5787 1.6184 0.8677
17/02/2012 0.7497 0.7088 0.7443 0.6698 1.4223 1.5803 1.6228 0.8727
24/02/2012 0.7652 0.7331 0.766 0.6731 1.4408 1.6094 1.6487 0.8767
02/03/2012 0.7573 0.7327 0.7665 0.6782 1.4314 1.6088 1.6493 0.8827
09/03/2012 0.7627 0.7429 0.7763 0.6887 1.4378 1.6211 1.661 0.8953
16/03/2012 0.7799 0.763 0.7991 0.6935 1.4584 1.6451 1.6883 0.901
23/03/2012 0.7779 0.7676 0.803 0.6958 1.456 1.6506 1.6929 0.9038
30/03/2012 0.767 0.7709 0.8089 0.6954 1.4429 1.6546 1.6999 0.9034
06/04/2012 0.7601 0.7771 0.819 0.6961 1.4347 1.6619 1.7121 0.9042
13/04/2012 0.7613 0.7808 0.8169 0.6985 1.4362 1.6664 1.7095 0.907
20/04/2012 0.7557 0.7677 0.809 0.6979 1.4295 1.6507 1.7001 0.9064
27/04/2012 0.7531 0.7489 0.7942 0.6967 1.4264 1.6282 1.6824 0.905
04/05/2012 0.7522 0.7344 0.7809 0.6968 1.4252 1.6109 1.6665 0.905
11/05/2012 0.733 0.7098 0.7589 0.6964 1.4023 1.5815 1.6402 0.9045
18/05/2012 0.7248 0.6996 0.7481 0.6946 1.3925 1.5692 1.6272 0.9024
25/05/2012 0.7123 0.6944 0.7457 0.6934 1.3775 1.563 1.6244 0.9009
01/06/2012 0.7125 0.6975 0.7431 0.6973 1.3778 1.5668 1.6213 0.9056
08/06/2012 0.6884 0.678 0.7244 0.6951 1.349 1.5434 1.5989 0.903
15/06/2012 0.6793 0.6589 0.7122 0.6938 1.3381 1.5205 1.5843 0.9014
22/06/2012 0.6712 0.6503 0.7002 0.6954 1.3285 1.5103 1.57 0.9033
29/06/2012 0.6614 0.6439 0.6925 0.6933 1.3167 1.5026 1.5608 0.9008
06/07/2012 0.685 0.6629 0.7106 0.6881 1.3449 1.5253 1.5824 0.8946
13/07/2012 0.7067 0.6845 0.7316 0.6943 1.3709 1.5512 1.6076 0.902
20/07/2012 0.7311 0.6979 0.7448 0.6719 1.4 1.5672 1.6234 0.8753
27/07/2012 0.7279 0.6876 0.7395 0.6649 1.3962 1.555 1.617 0.8669
03/08/2012 0.7361 0.7036 0.7497 0.6653 1.406 1.574 1.6292 0.8674
10/08/2012 0.7516 0.7259 0.7704 0.6653 1.4246 1.6007 1.6539 0.8674
17/08/2012 0.772 0.7544 0.7988 0.6652 1.449 1.6349 1.688 0.8672
24/08/2012 0.7805 0.7656 0.8076 0.6666 1.4592 1.6482 1.6985 0.8689
31/08/2012 0.7588 0.7437 0.7911 0.6656 1.3973 1.5861 1.6428 0.8677
07/09/2012 0.7641 0.7499 0.7981 0.6647 1.4036 1.5936 1.6512 0.8666
14/09/2012 0.7608 0.746 0.7912 0.6657 1.3996 1.5889 1.643 0.8678
21/09/2012 0.7354 0.6984 0.755 0.6654 1.3693 1.532 1.5996 0.8675
28/09/2012 0.7366 0.7046 0.7534 0.6656 1.3708 1.5394 1.5977 0.8677
05/10/2012 0.751 0.7199 0.7678 0.6636 1.388 1.5577 1.6149 0.8653
12/10/2012 0.7637 0.7383 0.7842 0.6645 1.4032 1.5797 1.6346 0.8664
19/10/2012 0.7576 0.7069 0.7587 0.6653 1.3959 1.5421 1.604 0.8673
26/10/2012 0.7424 0.6736 0.7195 0.6662 1.3776 1.5023 1.5572 0.8684
02/11/2012 0.738 0.659 0.7069 0.6712 1.3724 1.4848 1.5421 0.8744
09/11/2012 0.7324 0.6595 0.706 0.6735 1.3658 1.4855 1.541 0.8771
16/11/2012 0.7306 0.6699 0.7143 0.6729 1.3636 1.4978 1.551 0.8765
23/11/2012 0.7373 0.6721 0.7195 0.6737 1.3716 1.5005 1.5571 0.8774
30/11/2012 0.7321 0.6608 0.7101 0.6774 1.3653 1.487 1.546 0.8818
07/12/2012 0.7183 0.6546 0.7035 0.6776 1.3608 1.4916 1.55 0.882
14/12/2012 0.705 0.6582 0.7005 0.6783 1.3509 1.5019 1.5524 0.8829
21/12/2012 0.6981 0.6546 0.6989 0.6773 1.3486 1.5035 1.5564 0.8817
28/12/2012 0.6993 0.6522 0.6982 0.6785 1.3501 1.5006 1.5556 0.8832
04/01/2013 0.71 0.6718 0.714 0.6844 1.3629 1.524 1.5745 0.8902
11/01/2013 0.7149 0.6872 0.7282 0.6832 1.3806 1.5545 1.6034 0.8887
18/01/2013 0.7163 0.6884 0.7304 0.6796 1.3824 1.5559 1.6061 0.8844
25/01/2013 0.7215 0.7012 0.7396 0.6807 1.3885 1.5712 1.6171 0.8858
01/02/2013 0.7235 0.7142 0.757 0.6803 1.3908 1.5867 1.638 0.8853
08/02/2013 0.7315 0.7237 0.7624 0.6806 1.4004 1.5981 1.6444 0.8857
15/02/2013 0.7438 0.7358 0.7744 0.6802 1.4151 1.6126 1.6588 0.8851
22/02/2013 0.745 0.7433 0.7831 0.6807 1.4166 1.6215 1.6692 0.8857
01/03/2013 0.7377 0.7388 0.7801 0.6813 1.4078 1.6162 1.6655 0.8865
08/03/2013 0.7268 0.7224 0.7616 0.6863 1.3948 1.5965 1.6434 0.8925
15/03/2013 0.7205 0.7086 0.7549 0.6855 1.3872 1.58 1.6354 0.8915
22/03/2013 0.7146 0.7141 0.7615 0.6851 1.3802 1.5866 1.6432 0.8911
29/03/2013 0.7134 0.7248 0.7708 0.6855 1.3788 1.5994 1.6545 0.8915
05/04/2013 0.7203 0.7227 0.7695 0.6862 1.387 1.5968 1.6529 0.8923
12/04/2013 0.6972 0.6932 0.7415 0.6842 1.3593 1.5616 1.6194 0.8899
19/04/2013 0.6651 0.6626 0.7179 0.6839 1.3209 1.525 1.5912 0.8896
26/04/2013 0.6621 0.6609 0.7123 0.6831 1.3174 1.523 1.5845 0.8887
03/05/2013 0.6612 0.6541 0.7066 0.6825 1.3163 1.5149 1.5777 0.8879
10/05/2013 0.6645 0.6544 0.7013 0.6704 1.3203 1.5152 1.5713 0.8734
17/05/2013 0.6699 0.6644 0.7141 0.6682 1.3267 1.5271 1.5866 0.8708
24/05/2013 0.6789 0.6753 0.722 0.6649 1.3375 1.5402 1.5961 0.8669
31/05/2013 0.6766 0.676 0.7229 0.668 1.3347 1.5411 1.5971 0.8706
07/06/2013 0.6684 0.675 0.7242 0.6682 1.3249 1.5398 1.5987 0.8709
14/06/2013 0.6642 0.6679 0.7148 0.6659 1.3199 1.5314 1.5874 0.8681
21/06/2013 0.6714 0.6692 0.7128 0.667 1.3285 1.533 1.585 0.8694
28/06/2013 0.6665 0.6627 0.7097 0.6658 1.3226 1.5252 1.5814 0.868
05/07/2013 0.6754 0.6624 0.7128 0.6661 1.3333 1.5248 1.585 0.8683
12/07/2013 0.6859 0.6721 0.7196 0.6677 1.3459 1.5363 1.5932 0.8702
19/07/2013 0.6927 0.6911 0.7402 0.6685 1.3539 1.5591 1.6178 0.8712
26/07/2013 0.6763 0.6677 0.7256 0.6643 1.3344 1.5312 1.6004 0.8661
02/08/2013 0.6836 0.6798 0.7297 0.6611 1.3431 1.5456 1.6052 0.8623
09/08/2013 0.687 0.6787 0.73 0.6661 1.3472 1.5443 1.6056 0.8683
16/08/2013 0.6853 0.673 0.7281 0.665 1.3451 1.5375 1.6033 0.867
23/08/2013 0.6938 0.6818 0.736 0.6626 1.3552 1.548 1.6128 0.8642
30/08/2013 0.7066 0.6931 0.7444 0.6655 1.3706 1.5615 1.6228 0.8676
06/09/2013 0.711 0.6879 0.7443 0.6612 1.376 1.5553 1.6227 0.8625
13/09/2013 0.7112 0.6766 0.7338 0.6606 1.3761 1.5417 1.6101 0.8617
20/09/2013 0.6998 0.6572 0.7123 0.666 1.3625 1.5186 1.5845 0.8682
27/09/2013 0.6822 0.6427 0.6972 0.6661 1.3415 1.5013 1.5664 0.8683
04/10/2013 0.6724 0.6334 0.688 0.6608 1.3297 1.4901 1.5554 0.862
11/10/2013 0.6716 0.628 0.6803 0.6602 1.3287 1.4836 1.5462 0.8612
18/10/2013 0.6752 0.6317 0.6836 0.6595 1.3331 1.4881 1.5501 0.8604
25/10/2013 0.667 0.6284 0.6789 0.6598 1.3233 1.4841 1.5445 0.8608
01/11/2013 0.6569 0.6147 0.6661 0.6598 1.3112 1.4677 1.5292 0.8608
08/11/2013 0.6587 0.6142 0.6637 0.6587 1.3133 1.4671 1.5263 0.8595
15/11/2013 0.6565 0.6207 0.6675 0.658 1.3107 1.4749 1.5308 0.8587
22/11/2013 0.6612 0.6319 0.6765 0.6584 1.3163 1.4883 1.5416 0.8591
29/11/2013 0.6749 0.6406 0.687 0.6546 1.3327 1.4987 1.5543 0.8546
06/12/2013 0.6783 0.6426 0.6887 0.6561 1.3368 1.5011 1.5563 0.8564
13/12/2013 0.6719 0.6377 0.6853 0.6586 1.3291 1.4953 1.5522 0.8593
20/12/2013 0.6667 0.6316 0.6792 0.6633 1.3229 1.4879 1.5449 0.8649
27/12/2013 0.6765 0.6422 0.6902 0.6659 1.3347 1.5006 1.558 0.868
03/01/2014 0.6764 0.644 0.6903 0.6624 1.3389 1.5078 1.5634 0.8668
10/01/2014 0.6692 0.6375 0.6839 0.663 1.3303 1.5 1.5557 0.8675
17/01/2014 0.6615 0.6324 0.6793 0.6623 1.3228 1.4948 1.5511 0.8666
24/01/2014 0.6623 0.6325 0.6782 0.6616 1.3238 1.495 1.5498 0.8658
31/01/2014 0.6641 0.635 0.6802 0.663 1.326 1.498 1.5522 0.8675
07/02/2014 0.6646 0.6365 0.6809 0.6622 1.3266 1.4997 1.553 0.8665
14/02/2014 0.667 0.6436 0.6873 0.6623 1.3294 1.5083 1.5607 0.8667
21/02/2014 0.6681 0.647 0.6917 0.6631 1.3308 1.5123 1.566 0.8676
28/02/2014 0.6688 0.6507 0.6949 0.6639 1.3317 1.5168 1.5698 0.8685
07/03/2014 0.6645 0.6469 0.693 0.6621 1.3265 1.5122 1.5676 0.8664
14/03/2014 0.6532 0.6404 0.6863 0.6597 1.3129 1.5045 1.5595 0.8635
21/03/2014 0.6427 0.6352 0.6817 0.6594 1.3004 1.4982 1.5541 0.8632
28/03/2014 0.6463 0.6404 0.6869 0.659 1.3047 1.5045 1.5602 0.8626
04/04/2014 0.6484 0.6454 0.6911 0.6596 1.3072 1.5104 1.5653 0.8634
11/04/2014 0.6476 0.6472 0.6932 0.6588 1.3062 1.5126 1.5678 0.8625
18/04/2014 0.6461 0.6467 0.6966 0.6599 1.3043 1.512 1.5718 0.8638
25/04/2014 0.6528 0.6562 0.7022 0.6618 1.3125 1.5235 1.5786 0.8661
02/05/2014 0.6523 0.6599 0.7055 0.6635 1.3118 1.5279 1.5826 0.868
09/05/2014 0.6437 0.6512 0.698 0.6631 1.3016 1.5174 1.5736 0.8676
16/05/2014 0.6461 0.6488 0.6971 0.6597 1.3044 1.5146 1.5725 0.8635
23/05/2014 0.6499 0.6526 0.7011 0.6594 1.3089 1.5191 1.5772 0.8632
30/05/2014 0.6496 0.6573 0.7045 0.6626 1.3086 1.5247 1.5813 0.867
06/06/2014 0.6408 0.6555 0.7035 0.6615 1.2981 1.5226 1.5802 0.8657
13/06/2014 0.6411 0.6558 0.7042 0.6599 1.2984 1.523 1.581 0.8637
20/06/2014 0.6569 0.6698 0.7169 0.6587 1.3174 1.5397 1.5962 0.8623
27/06/2014 0.6637 0.6774 0.7254 0.6587 1.3255 1.5489 1.6064 0.8624
04/07/2014 0.6568 0.6731 0.723 0.649 1.3173 1.5437 1.6036 0.8507
11/07/2014 0.6405 0.6588 0.7152 0.6518 1.2976 1.5266 1.5942 0.854
18/07/2014 0.642 0.6628 0.7143 0.6548 1.2995 1.5314 1.5931 0.8576
25/07/2014 0.6426 0.655 0.7077 0.6553 1.3002 1.5219 1.5852 0.8583
01/08/2014 0.6385 0.6358 0.6937 0.6552 1.2953 1.4989 1.5684 0.8581
08/08/2014 0.6443 0.6392 0.6957 0.6568 1.3023 1.503 1.5708 0.8601
15/08/2014 0.6445 0.6359 0.6906 0.6631 1.3025 1.499 1.5646 0.8676
22/08/2014 0.6396 0.6323 0.6862 0.6578 1.2966 1.4947 1.5594 0.8612
29/08/2014 0.6416 0.6361 0.6886 0.6547 1.299 1.4993 1.5623 0.8575
05/09/2014 0.6325 0.6207 0.681 0.6501 1.2881 1.4808 1.5532 0.852
12/09/2014 0.6419 0.6367 0.6888 0.6496 1.2994 1.5 1.5625 0.8513
19/09/2014 0.6371 0.6329 0.6841 0.6495 1.2936 1.4955 1.5569 0.8513
26/09/2014 0.6314 0.6279 0.6796 0.6459 1.2868 1.4895 1.5515 0.847
03/10/2014 0.6329 0.6298 0.681 0.6467 1.2886 1.4917 1.5532 0.848
10/10/2014 0.6238 0.6273 0.6786 0.6463 1.2776 1.4887 1.5503 0.8474
17/10/2014 0.6045 0.603 0.6585 0.6452 1.2545 1.4596 1.5262 0.8461
24/10/2014 0.5905 0.5784 0.6352 0.6423 1.2377 1.43 1.4982 0.8426
31/10/2014 0.5897 0.5737 0.6281 0.6433 1.2367 1.4244 1.4897 0.8438
07/11/2014 0.5945 0.5756 0.6276 0.6402 1.2425 1.4267 1.4891 0.8401
14/11/2014 0.5976 0.5775 0.6283 0.6404 1.2462 1.429 1.4899 0.8404
21/11/2014 0.5788 0.5652 0.618 0.6399 1.2237 1.4142 1.4776 0.8397
28/11/2014 0.5704 0.559 0.6116 0.6368 1.2136 1.4067 1.4699 0.8361
05/12/2014 0.5417 0.5311 0.5863 0.6365 1.1792 1.3733 1.4395 0.8357
12/12/2014 0.5172 0.5024 0.5583 0.6354 1.1497 1.3388 1.4059 0.8343
19/12/2014 0.487 0.4706 0.5255 0.6309 1.1135 1.3006 1.3666 0.8289
26/12/2014 0.4764 0.4549 0.512 0.6304 1.1008 1.2818 1.3504 0.8284
02/01/2015 0.4545 0.4428 0.4998 0.6138 1.1222 1.288 1.3563 0.8234
09/01/2015 0.4583 0.4384 0.491 0.6116 1.1268 1.2827 1.3458 0.8208
16/01/2015 0.4395 0.4258 0.4769 0.6035 1.1042 1.2675 1.3289 0.8111
23/01/2015 0.44 0.4259 0.4758 0.5994 1.1048 1.2677 1.3276 0.8061
30/01/2015 0.4496 0.4336 0.4818 0.5989 1.1164 1.2769 1.3348 0.8055
06/02/2015 0.478 0.4624 0.5105 0.5979 1.1504 1.3114 1.3692 0.8043
13/02/2015 0.5039 0.4861 0.5333 0.5987 1.1815 1.34 1.3965 0.8053
20/02/2015 0.523 0.4973 0.5451 0.6003 1.2044 1.3534 1.4108 0.8072
27/02/2015 0.5273 0.5022 0.5517 0.5992 1.2096 1.3592 1.4187 0.8059
